3
3
5
2
2
2
2
2
5
4
6
8
9
10
7
12
6
6
6
4
15
20
25
30
10
6
8
9
11
10
6
14
8
12
7
5
7
20
22
18
25
30
12
17
15
15
10
35
40
50
60
75
80
55
45
30
20
9
3
5
12
18
6
9
24
8
8
6
16
24
32
40
48
3
3
10
9
15
20
25
18
22
30
27
35
12
7
8
9
1
1
1
1
1
1
1
1
1
10
10
9
4
9
3
3
9
2
9
11
3
8
10
90
5
26
10
1
28
26
3
22
1
20
38
1
23
20
10
27
4
9
18
31
13
23
23
34
23
3
38
14
5
22
33
3
36
33
10
34
38
8
30
25
18
8
5
9
24
3
39
16
3
34
10
12
28
10
4
28
27
9
26
11
18
9
9
9
5
34
27
30
21
25
14
6
13
40
14
37
33
1
15
4
13
28
8
17
35
29
2
10
19
16